-.699356379471405           -6.16446521110508E-02 
-.703497296464186           -.125666311034206 
-.710600003004631           -.194747060987362 
-.721001778500237           -.272265595841951 
-.735259881395194           -.362906465069097 
-.754279344103687           -.473746445767684 
-.779575503505393           -.616418405952478 
-.813863110165606           -.811941976438515 
-.862567621624235           -1.10314743984632 
-.93855428942672            -1.59368699463368 
-1.08256753869017           -2.61703713168276 
-1.53677280492053           -6.17290349619091 
 2.28702305233207            25.730407985259 
-.320301325922284            4.44350204346567 
-.599229562069883            2.49780215595766 
-.742391008900765            1.75946797887639 
-.857460822848171            1.3642353725649 
-.973659611207003            1.11161002683456 
-1.10778953366601            .928900528087216 
-1.27778386270645            .781263018861184 
-1.51197154623631            .646173766000685 
-1.86706828344972            .500889350061221 
-2.48475900921978            .305082568527369 
-3.85865664170307           -6.69644795620809E-02 
-9.76861347968152           -1.55562554309409 
 13.800312274504             4.28289098613697 
 3.6742615974216             1.76388378094139 
 1.96881470237157            1.34349597553618 
 1.25023374223243            1.17684009362532 
 .841267905840603            1.09725039130614 
 .564342320619507            1.06328465775778 
 .349898594628331            1.06228202734027 
 .161054327797866            1.09337582791196 
-3.07579711398755E-02        1.16553591121336 
-.2623498261819              1.30479122212074 
-.613206208924423            1.58536926201988 
-1.37189607488003            2.2981649418263 
-5.67469330174662            6.65189755445503 
 4.23586396779114           -3.54055604729585 
 1.71874023286105           -.998026174664447 
 1.11793432866279           -.410737747822052 
 .8386278754028             -.145824013922637 
 .672246635843873            1.04592481555432E-02 
 .558771500754789            .120370649744185 
 .474148615110405            .210341652377316 
 .406465773047584            .296200622546947 
 .348491663153638            .392868761468284 
 .294160559209538            .523912901304991 
 .234346902799448            .748104690388184 
 .137987195268006            1.3122002295198 
-.615680473745664            7.36862180305355 
 .451439334500727           -1.68926660825644 
 .308879709279185           -.673190325097321 
 .254770069001468           -.378123838213977 
 .220385346886606           -.235497308058872 
 .194035133899566           -.150393193783578 
 .171932706548509           -9.32576921625889E-02 
 .152403142946868           -5.18590980213412E-02 
 .134538918299723           -2.01955383148756E-02 
 .117766547174753            5.03837201604654E-03 
 .10167458215013             2.58254658491554E-02 
 8.59371723404223E-02        4.34449085601148E-02 
 7.03098145812054E-02        .058826831033088 
 4.78901579928263            5.96045585692871 
 3.70822350494829E-02        8.38412438718457E-02 
 1.94917706731931E-02        9.52033754707286E-02 
 2.39812664662492E-04        .105756331656151 
-2.13363797863338E-02        .115802698019777 
-4.62793845356543E-02        .125556350773409 
-.076216271772944            .135212913661947 
-.113852526220361            .144978453773458 
-.164092122511695            .155106580883025 
-.236925078832465            .165977861363772 
-.356496829901102            .178333621852797 
-.600394348797459            .194266460729081 
-1.4335102102661             .225582207220105 
 5.97699870767002            5.15164122760271E-02 
 1.01885825779947            .188005015954354 
 .557203428051481            .213472612175013 
 .374749945522055            .233901776137522 
 .270053691065448            .255009642400613 
 .195720657531276            .278992352394874 
 .133599150143239            .307897792307816 
 7.34506054778024E-02        .344675968218335 
 6.05654133398895E-03        .394539480814634 
-.082251103240773            .4682636470334 
-.222072617161779            .592952566448386 
-.516812146082221            .863068888364943 
-1.7533062802924             2.00151322740213 
 3.14596092944936           -2.49681077036495 
 1.03489653389664           -.54907359101124 
 .677825234841261           -.210346695967029 
 .527639718497535           -5.81024640330756E-02 
 .443560234939804            3.79744866898292E-02 
 .388951966441423            .113047204105727 
 .34991932713976             .182364009580576 
 .319846739140132            .25635432887059 
 .294852477210484            .34690874148046 
 .271793482083757            .47502537149134 
 .246179547276778            .693068612523005 
 .20438458865036             1.19942938646678 
 3.94917490569689E-03        4.16812535714683 
 .449510470725116           -2.71873564523138 
 .333509087345476           -.981577757145276 
 .306197730140665           -.571275006214039 
 .29548799998126            -.381415745076618 
 .292330647348087           -.26719208496812 
 .294712115656619           -.186590515392411 
 .302772339034642           -.122126418906376 
 .318209730797718           -6.39633966451262E-02 
 .345126898515682           -3.86197845518526E-03 
 .39328069717505             .069792419957445 
 .490604016227568            .184379780806397 
 .758632916922652            .45291342382737 
 3.75047000917917            3.22699783041537 
-.748213813386842           -.897910075417985 
-.252136254114506           -.425251710566882 
-.11281801804503            -.282249265803041 
-4.84979399604702E-02       -.209202384817066 
-1.22515308301828E-02       -.162686488924971 
 1.04580689798426E-02       -.129128377523441 
 2.55937691609097E-02       -.102868422270109 
 .036038719882205           -.081093088635707 
 4.33437748777833E-02       -6.22188205662699E-02 
 4.84058873265633E-02       -4.52621596686448E-02 
 .051778099154359           -2.95565593076863E-02 
 5.38980537094127E-02       -1.46094393965122E-02 
 4.78965433012226            1.58663386381966E-03 
 5.28750072028758E-02        .014564581461915 
 5.12681171357469E-02        2.95083273792749E-02 
 4.80678347315891E-02        4.52080066161658E-02 
 4.30926680745399E-02        .06215568808371 
 3.58409992257662E-02        8.10170462951988E-02 
 2.54333079304143E-02        .102774066295439 
 1.03267056464429E-02        .129007725311502 
-1.23570285785626E-02        .162526715511515 
-4.85759495836679E-02        .208980510411362 
-.112858108209916            .281916989708526 
-.252098716514595            .42467551846565 
-.747823481287097            .896386769643141 
 3.75311337755082           -3.22495227853649 
 .758423190540246           -.45200318493065 
 .490399329710326           -.183818952052399 
 .393084612075451           -6.93736158305271E-02 
 .34493174345761             4.20312172422247E-03 
 .318008297506446            6.42543384065919E-02 
 .302556933657739            .122380430427382 
 .294472870215051            .186813502467713 
 .29205271384455             .267384308269495 
 .295145345270153            .3815699310565 
 .30573528942666             .571366130118376 
 .332768810963348            .981507776827904 
 .447521591074177            2.71750475116098 
 6.66770339218074E-03       -4.16938091238345 
 .2051875778061             -1.19914966972398 
 .246649695501282           -.692751010708153 
 .272125077849585           -.474705609494387 
 .295106981670775           -.346586321207086 
 .320050347574171           -.2560245015396 
 .350084220389044           -.182020406348564 
 .389082596849264           -.112681185628714 
 .443654461317926           -3.75729836188015E-02 
 .527685583722818            5.85620672515295E-02 
 .677786176082278            .210910922100001 
 1.03462835503288            .549866731723447 
 3.14338227368841            2.49811432954462 
-1.75301564926304           -2.00372513472243 
-.51640460973142            -.863638088491819 
-.221710618667075           -.593212618826578 
-.081912226413428           -.468392005100662 
 6.38723338543162E-03       -.394591896910481 
 7.37839047142004E-02       -.344675335016833 
 .133944905780043           -.307853508749134 
 .196090232942969           -.278905709724885 
 .270463186738929           -.254873991603384 
 .375226852343711           -.233697414060844 
 .557805472195039           -.213146653309365 
 1.01974742313773           -.187364920210456 
 5.97618912919454           -4.75581757409188E-02 
-1.4351105817178            -.226691816776873 
-.600912242906296           -.194794058557494 
-.356746498687219           -.178703031098423 
-.237049667719274           -.166280301317922 
-.164139764624992           -.155379086516243 
-.113842934321559           -.145242489584769 
-7.61564216243057E-02       -.135485443201805 
-4.61675636431487E-02       -.125855474477913 
-2.11609152598707E-02       -.1161537711178 
 5.09156517527477E-04       -.106204867208879 
 1.99373151432051E-02       -9.58578989415717E-02 
 3.80428686318671E-02       -8.51280540422691E-02 
 4.79295151402655           -5.95724985147269 
 6.92203906557017E-02       -5.75660401176722E-02 
 8.53560997820837E-02       -4.28226908378924E-02 
 .101257625797359           -2.54199652937752E-02 
 .117425110607867           -4.7466077169638E-03 
 .134234726182416            2.04118787826021E-02 
 .1521134855935              5.20153901729394E-02 
 .171639591593296            9.33571845697081E-02 
 .193719424077636            .150428821265093 
 .220020043624143            .235447187118937 
 .254305268677741            .377933241179528 
 .308187805209               .672694530272183 
 .449907773453735            1.68751757098913 
-.61091534295523            -7.36998158169188 
 .138880895553693           -1.31108984868155 
 .234819669066084           -.74730345633247 
 .294465842128722           -.523243775764828 
 .348699210816307           -.392266200602112 
 .406600267732648           -.295632018021986 
 .474215921885943           -.209786419600359 
 .558764571121795           -.119812432911247 
 .672143255603687           -9.88153778370659E-03 
 .83837838271702             .146442280757332 
 1.11742001746536            .411429624602463 
 1.71758370544982            .998849056368337 
 4.23120958317867            3.54124609112741 
-5.6720080488711            -6.65754062030899 
-1.37013767770345           -2.29883012191227 
-.611902701669237           -1.58551770947424 
-.261242266726766           -1.30473744393863 
-.029745765808549           -1.16535897888734 
 .162023649574341           -1.09309956629809 
 .350859871126029           -1.06190671045043 
 .565324892083339           -1.06279265659944 
 .842303172888052           -1.09660043617585 
 1.25136354146447           -1.17594495838499 
 1.97010482506568           -1.34214750146925 
 3.67579834469144           -1.76139150399529 
 13.7987658096584           -4.27235941360478 
-9.77507218412866            1.55035118548213 
-3.85987643762659            6.46250334682667E-02 
-2.48512324295115           -.306676692980352 
-1.86707247868054           -.502166338641239 
-1.51175636472968           -.647296138221555 
-1.27739874476232           -.782317340447489 
-1.10724544395287           -.929947782903885 
-.97294100065957            -1.11270724669529 
-.856520654288646           -1.36545300046161 
-.741123813986828           -1.76091793785215 
-.597375696146303           -2.49971147785004 
-.316956689193149           -4.44648829316315 
 2.30399738713857           -25.7246714967633 
-1.54193927157798            6.1799992957033 
-1.08473652759876            2.61974744816516 
-.939878335337214            1.59535486398126 
-.863485992039876            1.10436181337787 
-.814538303461158            .812908287662253 
-.780084834210315            .617231883516498 
-.754664903039613            .474459069653294 
-.735546133044309            .363549924766879 
-.72120267058903             .272860916632164 
-.710721242981435            .195309242945895 
-.703533308351369            .12620682378343 
-.699261469645341            6.21729329543141E-02 
-6.45525896226609E-03        9.93997257996191E-04 
