 77310.2222
 32023.4099
 14616.6521
 33052.0775
 60488.9068
 93635.2363
 72538.6701
 9348.1841
 4342.9702
 1.0343e+005
 35124.4066
 19105.6598
 25443.3727
 45653.5579
 76971.8165
 81415.0998
 24496.6653
 86832.2198
 38274.3402
 30658.1853
 64867.7011
 82432.4956
 84579.2153
 54407.2553
 1.136e+005
 45978.9241
 1.2905e+005
 93808.284
 44928.6495
 80713.0451
 1.1724e+005
 1.0648e+005
 1.0629e+005
 73720.5597
 74351.4371
 91887.6843
 1.4683e+005
 1.5258e+005
 1.15e+005
 79261.1005
 1.0846e+005
 1.0451e+005
 1.1549e+005
 1.7795e+005
 1.7932e+005
 1.5798e+005
 1.4856e+005
 1.9035e+005
 2.0982e+005
 1.2689e+005
 1.8069e+005
 1.8728e+005
 1.9117e+005
 2.1719e+005
 2.318e+005
 2.4584e+005
 1.9636e+005
 1.9603e+005
 1.9759e+005
 2.4987e+005
 1.8371e+005
 2.2337e+005
 2.3424e+005
 2.5279e+005
 2.6286e+005
 2.4617e+005
 3.0574e+005
 3.0298e+005
 3.233e+005
 2.55e+005
 2.9359e+005
 3.3172e+005
 3.2538e+005
 3.0318e+005
 3.6912e+005
 3.0355e+005
 3.5384e+005
 3.8844e+005
 3.2821e+005
 3.2916e+005
 3.3379e+005
 3.9702e+005
 3.886e+005
 4.4077e+005
 4.0926e+005
 4.1037e+005
 4.4962e+005
 4.3008e+005
 3.8422e+005
 4.7424e+005
 4.1448e+005
 4.4857e+005
 4.2605e+005
 4.3035e+005
 4.7502e+005
 4.7046e+005
 5.316e+005
 5.1051e+005
 5.5898e+005
 5.1808e+005
