MTS793|MPT|ENU|1|2|.|/|:|1|0|0|A

Data Acquisition			9+1rostarthyst			Time:	51.821148	Sec
Time	Torsional Torque	Torsional Rotation
Sec	in-kip	deg
32.142963	5.692275	11.885482
32.152958	5.7857914	12.077941
32.162952	5.8840175	12.250924
32.172947	5.9654236	12.409016
32.182941	6.0347204	12.525866
32.192936	6.0952706	12.628969
32.20293	6.1571665	12.712597
32.212925	6.1874418	12.780187
32.222919	6.1988788	12.808826
32.232914	6.1706219	12.806535
32.242908	5.8584518	12.803099
32.252903	5.7804093	12.765294
32.262897	5.740715	12.694267
32.272892	5.6855474	12.60262
32.282887	5.618269	12.482333
32.292881	5.5442634	12.340281
32.302876	5.4662209	12.175316
32.31287	5.3619399	11.993167
32.322865	5.2596774	11.781233
32.332859	5.1399226	11.541805
32.342854	5.0073843	11.289776
32.352848	4.8627367	11.021708
32.362843	4.7140522	10.691778
32.372837	4.53442	10.354976
32.382832	4.3534417	9.9941149
32.392826	4.1717911	9.610343
32.402821	3.9726484	9.2151146
32.412815	3.7573588	8.8038483
32.42281	3.54476	8.3673792
32.432804	3.3321612	7.9332013
32.442799	3.1081254	7.4818392
32.452793	2.8881264	7.0419331
32.462788	2.6721637	6.5871344
32.472782	2.4521646	6.1231709
32.482777	2.2314928	5.6844106
32.492771	2.0074568	5.2181559
32.502766	1.7867848	4.7748132
32.51276	1.5782228	4.3303251
32.522755	1.357551	3.865216
32.532749	1.1570623	3.4253099
32.542744	0.97204769	3.0174804
32.552738	0.79914308	2.6096509
32.562733	0.62825692	2.2270243
32.572727	0.49302804	1.8398153
32.582722	0.36363932	1.461771
32.592716	0.28598222	1.11924
32.602711	0.20967573	0.76868993
32.612705	0.13404448	0.45594427
32.6227	3.0051528e-002	0.17412947
32.632694	-7.3941424e-002	-9.7277746e-002
32.642689	-0.39672476	-0.3398999
32.652683	-0.53110528	-0.55391097
32.662678	-0.59255564	-0.7496109
32.672672	-0.6337477	-0.93844414
32.682667	-0.65670717	-1.095233
32.692661	-0.69047105	-1.2211219
32.702656	-0.71072942	-1.3195441
32.71265	-0.72085863	-1.4076662
32.722645	-0.72761142	-1.4442885
32.732639	-0.724235	-1.4683218
32.742634	-0.63847464	-1.4694662
32.752628	-0.45817512	-1.453444
32.762623	-0.42373592	-1.4110996
32.772617	-0.36903831	-1.3264108
32.782612	-0.33054742	-1.2131108
32.792606	-0.27652511	-1.0574664
32.802601	-0.22722974	-0.87664419
32.812595	-0.17253214	-0.65805537
32.82259	-0.10095259	-0.41657767
32.832584	2.5999853e-002	-0.14648885
32.842579	0.3427057	0.10653974
32.852573	0.47419015	0.41699424
32.862568	0.5414682	0.75723404
32.872562	0.63229358	1.0894548
32.882557	0.74195677	1.4732269
32.892551	0.85834777	1.8799109
32.902546	0.98348498	2.2602463
32.91254	1.1220777	2.6669302
32.922535	1.299019	3.0839245
32.932529	1.4853791	3.5181026
32.942524	1.6858678	3.9591541
32.952518	1.9045213	4.3990602
32.962513	2.1245205	4.8572955
32.972507	2.3351009	5.3006387
32.982502	2.5544271	5.7623105
32.992496	2.7865365	6.2251287
33.002491	3.011245	6.6764903
33.012486	3.2298989	7.1106687
33.02248	3.449898	7.5459919
33.032475	3.667206	7.9721513
33.042469	3.8831685	8.3925819
33.052464	4.0890393	8.809576
33.062458	4.2888551	9.2151146
33.072453	4.4819431	9.5828485
33.082447	4.6810861	9.9517279
33.092442	4.8661003	10.320608
33.102436	5.0289135	10.63679
33.112431	5.1930718	10.950682
33.122425	5.3457932	11.250826
33.13242	5.4816947	11.515456
33.142414	5.6101956	11.753739
33.152409	5.733315	11.984002
33.162403	5.8362498	12.178753
33.172398	5.9391851	12.352881
33.182392	6.0098276	12.501808
33.192387	6.0791235	12.63126
33.202381	6.1430378	12.72978
33.212376	6.1881142	12.784769
33.22237	6.2224259	12.814554
33.232365	6.2029152	12.819137
33.242359	5.9008369	12.811117
33.252354	5.7911735	12.775604
33.262348	5.7373514	12.716034
33.272343	5.692275	12.611785
33.282337	5.629034	12.489207
33.292332	5.5550275	12.355173
33.302326	5.4756398	12.194791
33.312321	5.3693404	11.998895
33.322315	5.255641	11.78467
33.33231	5.1412678	11.552115
33.342304	5.0026751	11.284048
33.352299	4.8553362	11.002233
33.362293	4.7167435	10.684905
33.372288	4.5431662	10.343519
33.382282	4.3480597	9.9929695
33.392277	4.1603541	9.6172161
33.402271	3.9645751	9.2070951
33.412266	3.7546675	8.8015575
33.42226	3.5609066	8.3696699
33.432255	3.3422532	7.9435115
33.442249	3.1161988	7.4978776
33.452244	2.8982182	7.0396419
33.462238	2.6674542	6.5917168
33.472233	2.4346721	6.1323357
33.482227	2.214673	5.6626444
33.492222	1.9973651	5.1998267
33.502216	1.7847664	4.753047
33.512211	1.5701495	4.3108501
33.522205	1.3582237	3.878963
33.5322	1.145625	3.4493673
33.542194	0.9673382	3.0174804
33.552189	0.78703308	2.5947583
33.562183	0.63633031	2.1960933
33.572178	0.48831856	1.8214859
33.582172	0.37444377	1.4365681
33.592167	0.27382722	1.0940372
33.602161	0.20494877	0.75837964
33.612156	0.11581195	0.41584867
33.62215	-1.1815766e-002	0.13288827
33.632145	-9.0148121e-002	-0.12359996
33.642139	-0.42643705	-0.3559221
33.652134	-0.55609059	-0.58137763
33.662128	-0.59593201	-0.78966641
33.672123	-0.64117575	-0.95675528
33.682117	-0.6681869	-1.1238441
33.692112	-0.69047105	-1.2440107
33.702106	-0.70127553	-1.3344219
33.712101	-0.71613169	-1.4042329
33.722095	-0.72558558	-1.4671774
33.73209	-0.73706532	-1.4900662
33.742085	-0.71613169	-1.4992218
33.752079	-0.48923796	-1.4877774
33.762074	-0.42711231	-1.4397107
33.772068	-0.37444055	-1.3561662
33.782063	-0.33527437	-1.2451552
33.792057	-0.29070595	-1.1043886
33.802052	-0.23870948	-0.9006775
33.812046	-0.18401189	-0.68094426
33.822041	-0.12053568	-0.45777765
33.832035	3.4778479e-002	-0.18082216
33.84203	0.32312259	8.1336789e-002
33.852024	0.42911389	0.37575307
33.862019	0.53877711	0.71599287
33.872013	0.62422019	1.0757077
33.882008	0.7224462	1.4365681
33.892002	0.83614606	1.8237771
33.901997	0.97002935	2.2270243
33.911991	1.111986	2.6325626
33.921986	1.2855633	3.0472658
33.93198	1.4618319	3.5032098
33.941975	1.6777943	3.9373879
33.951969	1.8910657	4.3704205
33.961964	2.1023188	4.8240738
33.971958	2.3297184	5.2754354
33.981953	2.5530818	5.7565827
33.991947	2.7818272	6.214818
34.001942	3.0038445	6.6707625
34.011936	3.2245164	7.1129599
34.021931	3.4451885	7.5471377
34.031925	3.6698971	7.9836068
34.04192	3.8804774	8.3822718
34.051914	4.080966	8.7820826
34.061909	4.2794361	9.1876202
34.071903	4.4752154	9.5725384
34.081898	4.6709948	9.9460001
34.091892	4.8452449	10.288531
34.101887	5.0208402	10.620752
34.111881	5.1937451	10.944954
34.121876	5.343102	11.240516
34.13187	5.4742942	11.497128
34.141865	5.5953946	11.751448
34.151859	5.7178407	11.965672
34.161854	5.8261585	12.163859
34.171848	5.9297667	12.331116
34.181843	5.9916625	12.470878
34.191837	6.0589404	12.593455
34.201832	6.116127	12.68854
34.211826	6.1598577	12.763002
34.221821	6.1914783	12.803099
34.231815	6.1369829	12.798516
34.24181	5.9600415	12.79737
34.251804	5.7952104	12.775604
34.261799	5.735333	12.69885
34.271793	5.6808381	12.600329
34.281788	5.6249967	12.490353
34.291782	5.5489731	12.342571
34.301777	5.4682393	12.183334
34.311771	5.3679953	11.993167
34.321766	5.2590046	11.77436
34.33176	5.1305037	11.538368
34.341755	4.9946017	11.273738
34.351749	4.8452449	10.98734
34.361744	4.6999235	10.672303
34.371738	4.5276923	10.334354
34.381733	4.3534417	9.9792223
34.391727	4.1677547	9.587431
34.401722	3.9558287	9.1956396
34.411716	3.7391934	8.7820826
34.421711	3.5360138	8.3421764
34.431705	3.3308158	7.9183083
34.4417	3.1141806	7.4818392
34.451694	2.889472	7.0247493
34.461689	2.6600537	6.5607858
34.471684	2.4319811	6.0968227
34.481678	2.2059269	5.6569166
34.491673	1.9926555	5.1975355
34.501667	1.7713109	4.7232618
34.511662	1.5472748	4.2684631
34.521656	1.3393859	3.8193924
34.531651	1.1281327	3.3749039
34.541645	0.9310081	2.940726
34.55164	0.75204849	2.5328965
34.561634	0.60134572	2.1376684
34.571629	0.45804346	1.7493138
34.581623	0.35351011	1.3678328
34.591618	0.26099691	1.0172827
34.601612	0.17996345	0.67016935
34.611607	9.6904144e-002	0.35169569
34.621601	-3.6801089e-002	6.529855e-002
34.631596	-0.18738829	-0.20714438
34.64159	-0.51422328	-0.46121097
34.651585	-0.56892085	-0.68666649
34.661579	-0.62159264	-0.88808864
34.671574	-0.65873301	-1.0677663
34.681568	-0.69384748	-1.218833
34.691563	-0.7093789	-1.3378551
34.701557	-0.71815753	-1.4374218
34.711552	-0.74179226	-1.5129551
34.721546	-0.75192147	-1.5633106
34.731541	-0.75529784	-1.5827662
34.741535	-0.70532721	-1.5896329
34.75153	-0.49396494	-1.5758995
34.761524	-0.45344818	-1.5301218
34.771519	-0.39402363	-1.4477218
34.781513	-0.34945524	-1.3252662
34.791508	-0.30083513	-1.1867886
34.801502	-0.25086451	-0.98879969
34.811497	-0.21507472	-0.77478868
34.821491	-0.15700074	-0.54589987
34.831486	3.41032e-002	-0.29869992
34.84148	0.20967573	-2.4033327e-002
34.851475	0.42036274	0.29785302
34.861469	0.51792091	0.64954871
34.871464	0.60336405	0.99322534
34.881458	0.69889885	1.3563769
34.891453	0.81394428	1.7561873
34.901447	0.94850039	2.1548522
34.911442	1.0944937	2.5684097
34.921436	1.2633616	2.9980054
34.931431	1.4483763	3.4310379
34.941425	1.6455009	3.8640704
34.95142	1.8574266	4.3177233
34.961414	2.0733891	4.7690854
34.971409	2.2954066	5.2158651
34.981403	2.512042	5.6718092
34.991398	2.7434785	6.1415005
35.001392	2.9715512	6.585989
35.011387	3.1794403	7.0247493
35.021381	3.4021304	7.460073
35.031376	3.6362581	7.9022703
35.04137	3.8468382	8.3249922
35.051365	4.0594368	8.7328215
35.061359	4.2639623	9.1452341
35.071354	4.4671421	9.5461903
35.081348	4.6494651	9.919652
35.091343	4.8331342	10.278221
35.101337	5.0154581	10.613878
35.111332	5.1910539	10.932352
35.121326	5.3350286	11.231351
35.131321	5.4776583	11.50171
35.141315	5.6075048	11.744575
35.15131	5.7158222	11.966819
35.161304	5.8241401	12.166151
35.171299	5.9297667	12.342571
35.181293	6.0044451	12.489207
35.191288	6.0885429	12.62324
35.201283	6.1390014	12.724052
35.211277	6.1739855	12.774459
35.221272	6.220408	12.821427
35.231266	6.1766768	12.829447
35.241261	5.9257298	12.8157
35.251255	5.8032842	12.793934
35.26125	5.7521524	12.714888
35.271244	5.7016945	12.618658
35.281239	5.6317253	12.502954
35.291233	5.5530095	12.360901
35.301228	5.4702573	12.199373
35.311222	5.3720317	12.009205
35.321217	5.2664051	11.792689
35.331211	5.1432867	11.552115
35.341206	5.0053663	11.282902
35.3512	4.8573546	10.999942
35.361195	4.6965599	10.679177
35.371189	4.5223098	10.321754
35.381184	4.3379679	9.9540195
35.391178	4.1489167	9.5610828
35.401173	3.9423733	9.1543989
35.411167	3.7311201	8.7339678
35.421162	3.5151577	8.2974987
35.431156	3.2911217	7.8690481
35.441151	3.0778503	7.4142494
35.451145	2.852469	6.9525771
35.46114	2.6264148	6.4943419
35.471134	2.4037244	6.0429797
35.481129	2.1796887	5.5813079
35.491123	1.9516159	5.1093249
35.501118	1.7221979	4.6419249
35.511112	1.498162	4.1665058
35.521107	1.2922912	3.6979599
35.531101	1.0850748	3.2683642
35.541096	0.89804184	2.8502245
35.55109	0.71033609	2.417192
35.561085	0.55223268	2.0070713
35.571079	0.41293466	1.6210079
35.581074	0.31299341	1.2211975
35.591068	0.22318129	0.86377382
35.601063	0.14822535	0.5200972
35.611057	4.2881828e-002	0.19589566
35.621052	-7.9343662e-002	-0.10986663
35.631046	-0.44466954	-0.3868221
35.641041	-0.57297254	-0.61799979
35.651035	-0.61686569	-0.85032195
35.66103	-0.65333074	-1.0654775
35.671024	-0.69047105	-1.2371441
35.681019	-0.71478111	-1.3824885
35.691013	-0.74449342	-1.5278329
35.701008	-0.77353042	-1.6296884
35.711002	-0.79041237	-1.6926328
35.720997	-0.80121684	-1.739555
35.730991	-0.80054158	-1.7670217
35.740986	-0.71005416	-1.7670217
35.75098	-0.53043002	-1.7578661
35.760975	-0.4946402	-1.6994995
35.770969	-0.44061786	-1.6102328
35.780964	-0.38456973	-1.4934995
35.790958	-0.34270245	-1.360744
35.800953	-0.28125206	-1.1547441
35.810947	-0.23735891	-0.92814416
35.820942	-0.18738829	-0.70268869
35.830936	-0.11108176	-0.43259987
35.840931	3.41032e-002	-0.14648885
35.850925	0.34540677	0.1512177
35.86092	0.4876458	0.49374869
35.870914	0.57510722	0.86033702
35.880909	0.66862369	1.228071
35.890903	0.77021354	1.6221535
35.900898	0.90476966	2.0391476
35.910892	1.0460535	2.4653068
35.920887	1.2108847	2.8834465
35.930882	1.4053183	3.3290806
35.940876	1.6125346	3.7804425
35.950871	1.8412799	4.2512794
35.960865	2.0404232	4.7014956
35.97086	2.2658045	5.1700416
35.980854	2.4932041	5.642024
35.990849	2.7206039	6.0956769
36.000843	2.9580956	6.5573492
36.010838	3.1794403	7.0132933
36.020832	3.401458	7.440598
36.030827	3.6268392	7.8953967
36.040821	3.8441472	8.3261375
36.050816	4.0513639	8.7465687
36.06081	4.2639623	9.1635628
36.070805	4.4819431	9.5622282
36.080799	4.675704	9.9517279
36.090794	4.8512993	10.318316
36.100788	5.0302591	10.64481
36.110783	5.1997995	10.96672
36.120777	5.343102	11.263427
36.130772	5.4870772	11.526913
36.140766	5.631052	11.772068
36.150761	5.7467704	12.001186
36.160755	5.8463416	12.21312
36.17075	5.9459133	12.386104
36.180744	6.0172281	12.531593
36.190739	6.0865245	12.645007
36.200733	6.1544752	12.741237
36.210728	6.1988788	12.799662
36.220722	6.2412639	12.83632
36.230717	6.1881142	12.844339
36.240711	5.9970446	12.845485
36.250706	5.8066478	12.805389
36.2607	5.7608986	12.734363
36.270695	5.7077489	12.639279
36.280689	5.6431623	12.529303
36.290684	5.5631008	12.366629
36.300678	5.4756398	12.197082
36.310673	5.3774137	12.006914
36.320667	5.263041	11.792689
36.330662	5.1412678	11.547533
36.340656	5.0053663	11.272592
36.350651	4.8506269	10.979321
36.360645	4.6945415	10.657411
36.37064	4.5081816	10.296551
36.380634	4.3191304	9.9242344
36.390629	4.1152778	9.5152588
36.400623	3.9168074	9.1028471
36.410618	3.710264	8.6755428
36.420612	3.4909375	8.2436552
36.430607	3.2669017	7.8163509
36.440601	3.0381563	7.3546786
36.450596	2.8174841	6.883842
36.46059	2.582684	6.4118595
36.470585	2.3573024	5.939877
36.480579	2.1399944	5.4804959
36.490574	1.902503	5.0142412
36.500568	1.6764488	4.5525689
36.510563	1.4517401	4.0622573
36.520557	1.2263587	3.586838
36.530552	1.0292339	3.1503687
36.540546	0.83883715	2.7138994
36.550541	0.66055036	2.2843037
36.560535	0.50446528	1.8753285
36.57053	0.3805213	1.4846828
36.580524	0.27180138	1.1100754
36.590519	0.19819598	0.74921495
36.600513	0.111085	0.400956
36.610508	-3.477525e-002	7.7900022e-002
36.620502	-0.18536244	-0.20828883
36.630497	-0.51692438	-0.48638874
36.640491	-0.59660733	-0.74388868
36.650486	-0.65062964	-0.97964418
36.66048	-0.68641937	-1.1913663
36.670475	-0.71613169	-1.3767662
36.68047	-0.74584395	-1.5301218
36.690464	-0.77150458	-1.6525773
36.700459	-0.80391794	-1.7578661
36.710453	-0.83025378	-1.8356884
36.720448	-0.84173357	-1.8814662
36.730442	-0.83565605	-1.9066439
36.740437	-0.78906184	-1.9123662
36.750431	-0.56824559	-1.894055
36.760426	-0.52840418	-1.8459884
36.77042	-0.47843352	-1.7624439
36.780415	-0.43251452	-1.6434218
36.790409	-0.37241471	-1.4820551
36.800404	-0.31771711	-1.2955108
36.810398	-0.26437008	-1.0917997
36.820393	-0.21034777	-0.83887756
36.830387	-0.15294906	-0.56649983
36.840382	3.1402085e-002	-0.27466658
36.850376	0.23736216	4.5823544e-002
36.860371	0.45871621	0.37002513
36.870365	0.53944987	0.73661345
36.88036	0.63498467	1.1100754
36.890354	0.74599344	1.5167593
36.900349	0.87382174	1.9314624
36.910343	1.0124146	2.3358552
36.920338	1.1624445	2.7814891
36.930332	1.3622603	3.2397246
36.940327	1.5580394	3.6750484
36.950321	1.7780386	4.149322
36.960316	2.0074568	4.6213045
36.97031	2.2294743	5.0772486
36.980305	2.445437	5.5549593
36.990299	2.6836011	6.0269418
37.000294	2.901582	6.473721
37.010288	3.1330185	6.9216461
37.020283	3.3617637	7.3672805
37.030277	3.5871453	7.8232245
37.040272	3.8158903	8.2631302
37.050266	4.0318532	8.6996002
37.060261	4.2363782	9.1085749
37.070255	4.4409037	9.4934931
37.08025	4.6306276	9.8761196
37.090244	4.8237152	10.254164
37.100239	4.9946017	10.595549
37.110233	5.1796165	10.915168
37.120228	5.3182092	11.219894
37.130222	5.4668937	11.495981
37.140217	5.6101956	11.754885
37.150211	5.7252412	11.980566
37.160206	5.842978	12.186771
37.1702	5.9385128	12.371211
37.180195	6.0185738	12.522429
37.190189	6.0966163	12.6599
37.200184	6.1470747	12.751547
37.210178	6.1975331	12.80768
37.220173	6.2466459	12.844339
37.230167	6.220408	12.852359
37.240162	6.0219374	12.847776
37.250156	5.8207765	12.819137
37.260151	5.762917	12.751547
37.270145	5.7097673	12.647298
37.28014	5.6471987	12.522429
37.290134	5.5738659	12.382668
37.300129	5.4904413	12.218848
37.310123	5.389524	12.025244
37.320118	5.2751513	11.807582
37.330112	5.1506867	11.568153
37.340107	5.006712	11.284048
37.350101	4.8634095	11.002233
37.360096	4.7053065	10.663138
37.37009	4.519619	10.304569
37.380085	4.3238397	9.9333992
37.390079	4.1199875	9.5244236
37.400074	3.9080615	9.1005554
37.410069	3.6900806	8.666378
37.420063	3.4795003	8.2287626
37.430058	3.2689202	7.7842746
37.440052	3.0395019	7.3260393
37.450047	2.7979736	6.864367
37.460041	2.5719194	6.3935299
37.470036	2.3404832	5.9215474
37.48003	2.1191382	5.4518561
37.490025	1.8883746	4.9764371
37.500019	1.669721	4.5147648
37.510014	1.4342479	4.0336175
37.520008	1.2142487	3.5490334
37.530003	1.0124146	3.1137099
37.539997	0.82336318	2.684114
37.549992	0.64574921	2.2579551
37.559986	0.49100968	1.8283594
37.569981	0.37309322	1.4251122
37.579975	0.26842499	1.0539415
37.58997	0.18874207	0.69537228
37.599964	8.4073842e-002	0.3310751
37.609959	-6.2461685e-002	4.5823543e-003
37.619953	-0.30218568	-0.3032777
37.629948	-0.55271417	-0.57222205
37.639942	-0.60538596	-0.82171088
37.649937	-0.65535659	-1.0620441
37.659931	-0.69722384	-1.2726219
37.669926	-0.73571479	-1.4648885
37.67992	-0.77082926	-1.6170995
37.689915	-0.79784048	-1.7509995
37.699909	-0.82350099	-1.8597217
37.709904	-0.85051215	-1.9318217
37.719898	-0.8599661	-1.9787439
37.729893	-0.87077057	-2.007355
37.739887	-0.78163373	-2.0107882
37.749882	-0.60808706	-1.9993439
37.759876	-0.56284338	-1.9512773
37.769871	-0.51084691	-1.8608661
37.779865	-0.46020097	-1.7452773
37.78986	-0.40145171	-1.595355
37.799854	-0.34337774	-1.4065218
37.809849	-0.28800482	-1.1810663
37.819843	-0.23600838	-0.92013305
37.829838	-0.17253214	-0.66377759
37.839832	-2.937302e-002	-0.35821101
37.849827	0.16173092	-4.119999e-002
37.859821	0.40280551	0.29327068
37.869816	0.52397597	0.6621502
37.87981	0.61816514	1.0505048
37.889805	0.72110057	1.4388593
37.899799	0.84892887	1.8421065
37.909794	0.9996317	2.2820125
37.919788	1.1557168	2.740248
37.929783	1.3373674	3.1939011
37.939777	1.5358377	3.6567187
37.949772	1.7571825	4.1206822
37.959766	1.9792	4.5663161
37.969761	2.2106366	5.042881
37.979755	2.4414003	5.5171547
37.98975	2.665436	5.9685168
37.999744	2.886781	6.4347711
38.009739	3.1175444	6.9078994
38.019733	3.3503265	7.3638434
38.029728	3.5878179	7.8129144
38.039722	3.8057988	8.2448015
38.049717	4.0190701	8.6732512
38.059711	4.2283049	9.095974
38.069706	4.4287934	9.4774542
38.0797	4.6232266	9.8715372
38.089695	4.8169875	10.242707
38.099689	4.9959474	10.578365
38.109684	5.1755795	10.907149
38.119678	5.3161907	11.190109
38.129673	5.4547834	11.47307
38.139668	5.5920305	11.748012
38.149662	5.7171679	11.974837
38.159657	5.830195	12.178753
38.169651	5.9371672	12.364338
38.179646	6.0199194	12.516701
38.18964	6.0892153	12.638133
38.199635	6.1383286	12.725198
38.209629	6.1847506	12.798516
38.219624	6.2284813	12.839757
38.229618	6.2163706	12.855795
38.239613	5.9808979	12.853504
38.249607	5.8167396	12.814554
38.259602	5.7682991	12.750401
38.269596	5.711113	12.650735
38.279591	5.6424894	12.52472
38.289585	5.5684838	12.386104
38.29958	5.4823675	12.215411
38.309574	5.3834686	12.020661
38.319569	5.2738056	11.806437
38.329563	5.1446314	11.554407
38.339558	5.0053663	11.289776
38.349552	4.8499541	10.995359
38.359547	4.6918502	10.652828
38.369541	4.5142365	10.296551
38.379536	4.3218217	9.9104872
38.38953	4.1220055	9.5141134
38.399525	3.9094069	9.0971193
38.409519	3.6833529	8.6526308
38.419514	3.462008	8.21387
38.429508	3.2527733	7.757926
38.439503	3.0213368	7.2973995
38.449497	2.7919188	6.8242712
38.459492	2.5584638	6.358017
38.469486	2.3263545	5.8814521
38.479481	2.0969365	5.4071784
38.489475	1.8648273	4.9466515
38.49947	1.6401186	4.478106
38.509464	1.4281929	3.9855027
38.519459	1.2034842	3.5329952
38.529453	0.99828607	3.0896525
38.539448	0.8085621	2.6417272
38.549442	0.62489295	2.2178595
38.559437	0.47822684	1.8054477
38.569431	0.35958764	1.4010549
38.579426	0.26234749	1.0195738
38.58942	0.17928818	0.64954871
38.599415	8.7450229e-002	0.29556185
38.609409	-6.651336e-002	-2.7466659e-002
38.619404	-0.32987213	-0.31929991
38.629398	-0.55474001	-0.60083318
38.639393	-0.62429374	-0.87321085
38.649387	-0.65603191	-1.1192664
38.659382	-0.70127553	-1.3172551
38.669376	-0.74179226	-1.504944
38.679371	-0.78298432	-1.6548662
38.689365	-0.8167482	-1.7887661
38.69936	-0.83835715	-1.8963438
38.709354	-0.86131662	-1.9707328
38.719349	-0.87009525	-2.0222328
38.729343	-0.87549752	-2.0428326
38.739338	-0.79176295	-2.0485549
38.749332	-0.60876232	-2.0313883
38.759327	-0.56824559	-1.9627216
38.769321	-0.5148986	-1.8848995
38.779316	-0.4656032	-1.770455
38.78931	-0.39807531	-1.6067995
38.799305	-0.34067661	-1.4088107
38.809299	-0.28800482	-1.198233
38.819294	-0.23803422	-0.95103306
38.829288	-0.18468717	-0.67636645
38.839283	-5.7734735e-002	-0.378811
38.849277	9.5553584e-002	-6.4088874e-002
38.859272	0.42440441	0.25890303
38.869267	0.52532148	0.62090904
38.879261	0.59596342	1.0092635
38.889256	0.707645	1.4216754
38.89925	0.83345491	1.8214859
38.909245	0.98079383	2.2510817
38.919239	1.1422611	2.6932788
38.929234	1.3252574	3.1469319
38.939228	1.5264187	3.6154776
38.949223	1.740363	4.0851688
38.959217	1.9576709	4.5422587
38.969212	2.1897802	5.0027852
38.979206	2.4239078	5.4839325
38.989201	2.6566899	5.9536238
38.999195	2.8861082	6.4267521
39.00919	3.1135077	6.8781137
39.019184	3.3361981	7.3352036
39.029179	3.5635979	7.7877111
39.039173	3.7883067	8.2035599
39.049168	4.0002322	8.6285734
39.059162	4.2047577	9.0478592
39.069157	4.4113011	9.4407959
39.079151	4.6016979	9.8199854
39.089146	4.7907491	10.196884
39.09914	4.9670177	10.545143
39.109135	5.1432867	10.857889
39.119129	5.3034081	11.162616
39.129124	5.4480557	11.451303
39.139118	5.5758839	11.689586
39.149113	5.6875658	11.917559
39.159107	5.8026109	12.130638
39.169102	5.9015098	12.308204
39.179096	5.98628	12.459422
39.189091	6.0589404	12.584291
39.199085	6.1221819	12.696559
39.20908	6.1659126	12.76873
39.219074	6.1901326	12.803099
39.229069	6.1282368	12.808826
39.239063	5.9089108	12.808826
39.249058	5.7662807	12.75842
39.259052	5.7319689	12.686248
39.269047	5.6788192	12.600329
39.279041	5.6155782	12.472023
39.289036	5.5355172	12.321951
39.29903	5.4507465	12.159277
39.309025	5.3531942	11.962236
39.319019	5.2435303	11.74572
39.329014	5.1264668	11.515456
39.339008	4.9865284	11.254262
39.349003	4.8344798	10.947245
39.358997	4.6750312	10.612733
39.368992	4.4886713	10.254164
39.378986	4.2935648	9.8703918
39.388981	4.1024947	9.4717264
39.398975	3.8932602	9.0776443
39.40897	3.6779704	8.6388836
39.418964	3.4539347	8.1829395
39.428959	3.2251892	7.7327232
39.438953	3.0078812	7.2767787
39.448948	2.7764447	6.802505
39.458942	2.5409718	6.327086
39.468937	2.3229907	5.8596859
39.478931	2.0841537	5.3854122
39.488926	1.847335	4.8939543
39.49892	1.6125346	4.4322824
39.508915	1.4080093	3.9763381
39.518909	1.1994474	3.5272672
39.528904	0.9962678	3.0747597
39.538898	0.81192595	2.6291258
39.548893	0.62556577	2.2109859
39.558887	0.47822684	1.7974285
39.568882	0.34405622	1.3987637
39.578876	0.2488419	0.99322534
39.588871	0.17928818	0.61976343
39.598866	7.9346888e-002	0.27150449
39.60886	-5.7734735e-002	-3.89111e-002
39.618855	-0.34810469	-0.32845545
39.628849	-0.55676585	-0.60998869
39.638844	-0.62902069	-0.87664419
39.648838	-0.66143411	-1.1135441
39.658833	-0.70532721	-1.3218329
39.668827	-0.73976642	-1.4969329
39.678822	-0.76677763	-1.6376995
39.688816	-0.8133719	-1.7796106
39.698811	-0.84173357	-1.8906217
39.708805	-0.85794026	-1.9661549
39.7188	-0.87549752	-2.0130773
39.728794	-0.87279642	-2.0371106
39.738789	-0.79243821	-2.0462661
39.748783	-0.59728259	-2.0210884
39.758778	-0.55744112	-1.9581438
39.768772	-0.51354802	-1.8700217
39.778767	-0.45885041	-1.7464217
39.788761	-0.40415281	-1.5964996
39.798756	-0.33594966	-1.4248329
39.80875	-0.28125206	-1.1890774
39.818745	-0.23330726	-0.94187748
39.828739	-0.17253214	-0.6569109
39.838734	-5.3683061e-002	-0.36622211
39.848728	0.11986363	-5.9511095e-002
39.858723	0.4250772	0.26577654
39.868717	0.53541321	0.62320018
39.878712	0.6161468	1.0172827
39.888706	0.71168166	1.414802
39.898701	0.83412766	1.8260683
39.908695	0.97675717	2.2648287
39.91869	1.13957	2.7138994
39.928684	1.3178568	3.1423495
39.938679	1.5250732	3.606313
39.948673	1.7470907	4.0737133
39.958668	1.9590166	4.5330939
39.968662	2.1743062	4.9936209
39.978657	2.4124706	5.4747682
39.988651	2.6391976	5.9375858
39.998646	2.8686156	6.3935299
40.00864	3.1054344	6.8655124
40.018635	3.3341799	7.3283305
40.028629	3.5582156	7.7613626
40.038624	3.7802331	8.2184525
40.048618	4.0002322	8.6343012
40.058613	4.2094669	9.0467129
40.068607	4.4187016	9.4419413
40.078602	4.6077533	9.8234224
40.088596	4.794786	10.187719
40.098591	4.9616356	10.532541
40.108585	5.1372313	10.842997
40.11858	5.2865887	11.148869
40.128574	5.4305634	11.42381
40.138569	5.5752115	11.685003
40.148563	5.7030396	11.924432
40.158558	5.8026109	12.130638
40.168552	5.891418	12.294456
40.178547	5.976861	12.441092
40.188541	6.0387568	12.570543
40.198536	6.0952706	12.664482
40.20853	6.1356373	12.71947
40.218525	6.1659126	12.767585
40.228519	6.125546	12.783624
40.238514	5.8772898	12.771022
40.248508	5.7521524	12.740091
40.258503	5.7138042	12.6599
40.268497	5.6619997	12.564816
40.278492	5.5987587	12.453693
40.288486	5.5227346	12.308204
40.298481	5.4393096	12.131783
40.308475	5.3370471	11.938179
40.31847	5.2226744	11.71708
40.328465	5.0982099	11.478798
40.338459	4.96029	11.201566
40.348454	4.8169875	10.900275
40.358448	4.6622481	10.582948
40.368443	4.4711785	10.230106
40.378437	4.2807817	9.854353
40.388432	4.0789475	9.447669
40.398426	3.8697128	9.0364027
40.408421	3.6591327	8.5964966
40.418415	3.447207	8.1508627
40.42841	3.2292259	7.70752
40.438404	2.9917345	7.2492847
40.448399	2.7515519	6.763555
40.458393	2.5302072	6.31563
40.468388	2.304153	5.8356285
40.478382	2.0747349	5.3533354
40.488377	1.8432983	4.8859353
40.498371	1.6199353	4.4082251
40.508366	1.3952266	3.9442616
40.51836	1.1738818	3.4768615
40.528355	0.98079383	3.0461202
40.538349	0.80519813	2.6176701
40.548344	0.6336391	2.1938021
40.558338	0.48159075	1.7779535
40.568333	0.3514843	1.395327
40.578327	0.25491941	0.99666208
40.588322	0.17523649	0.62320018
40.598316	6.3815475e-002	0.27837804
40.608311	-5.4358337e-002	-5.2644428e-002
40.618305	-0.37376526	-0.33761102
40.6283	-0.5324558	-0.60197759
40.638294	-0.61011291	-0.86634421
40.648289	-0.67223859	-1.105533
40.658283	-0.71680695	-1.3069552
40.668278	-0.73503947	-1.4866329
40.678272	-0.77623153	-1.6525773
40.688267	-0.799191	-1.7658772
40.698261	-0.82620209	-1.8745995
40.708256	-0.86131662	-1.9569994
40.71825	-0.8721211	-2.0027771
40.728245	-0.86739415	-2.0325327
40.738239	-0.73639005	-2.0290995
40.748234	-0.59660733	-2.0016327
40.758228	-0.55136365	-1.9489883
40.768223	-0.51084691	-1.8620106
40.778217	-0.45614928	-1.749855
40.788212	-0.402127	-1.5999329
40.798206	-0.34607884	-1.4076662
40.808201	-0.28935543	-1.1890774
40.818195	-0.22858031	-0.9464553
40.82819	-0.16848047	-0.66034424
40.838184	-4.2878594e-002	-0.36049989
40.848179	0.12324002	-5.607776e-002
40.858173	0.41428521	0.27150449
40.868168	0.51926643	0.63465607
40.878162	0.6067279	1.0172827
40.888157	0.71571839	1.4079283
40.898151	0.84287381	1.8363786
40.908146	0.98012102	2.2522273
40.91814	1.1267872	2.6886964
40.928135	1.3151656	3.1389127
40.938129	1.5122905	3.5937114
40.948124	1.7275801	4.0427823
40.958118	1.9529616	4.5021634
40.968113	2.1729608	4.9684176
40.978107	2.3996875	5.4312358
40.988102	2.6210325	5.9123826
40.998096	2.8504508	6.3671813
41.008091	3.0872693	6.825417
41.018085	3.3119781	7.2744875
41.02808	3.5427418	7.7315774
41.038074	3.7728326	8.1783571
41.048069	3.973994	8.5930605
41.058064	4.1738095	8.9997444
41.068058	4.3756437	9.3938265
41.078053	4.5761323	9.7718706
41.088047	4.7692204	10.133877
41.098042	4.9441433	10.482136
41.108036	5.116375	10.81092
41.118031	5.270442	11.092734
41.128025	5.4049978	11.387151
41.13802	5.5496454	11.64949
41.148014	5.6707458	11.882045
41.158009	5.7831001	12.081377
41.168003	5.8907456	12.273836
41.177998	5.9728246	12.422763
41.187992	6.0246286	12.536176
41.197987	6.0771055	12.642715
41.207981	6.1201634	12.713742
41.217976	6.1517844	12.75842
41.22797	6.0845065	12.75842
41.237965	5.8685436	12.751547
41.247959	5.750134	12.727489
41.257954	5.7003489	12.661045
41.267948	5.6519084	12.568253
41.277943	5.5900126	12.428491
41.287937	5.5173521	12.278419
41.297932	5.4325819	12.113454
41.307926	5.3296466	11.923286
41.317921	5.2193103	11.714789
41.327915	5.0861001	11.463905
41.33791	4.9427981	11.183236
41.347904	4.8082418	10.892257
41.357899	4.6474471	10.562327
41.367893	4.473197	10.21865
41.377888	4.2801089	9.8371696
41.387882	4.0675101	9.4213209
41.397877	3.863658	9.0180731
41.407871	3.6571143	8.6068068
41.417866	3.447207	8.1554451
41.42786	3.2150977	7.6903362
41.437855	2.9977896	7.2298098
41.447849	2.757607	6.7681375
41.457844	2.5194426	6.2927184
41.467838	2.285315	5.8150077
41.477833	2.0619519	5.3453164
41.487827	1.8406073	4.8836441
41.497822	1.6320453	4.4403014
41.507816	1.4181011	3.9763381
41.517811	1.1960835	3.5123746
41.527805	0.97810268	3.0575759
41.5378	0.7883786	2.6165245
41.547794	0.60740072	2.1903653
41.557789	0.46544406	1.7790991
41.567783	0.35958764	1.3873078
41.577778	0.26572388	1.0127003
41.587772	0.17658706	0.64267522
41.597767	7.2594099e-002	0.27952361
41.607761	-5.9085291e-002	-4.0055543e-002
41.617756	-0.34742939	-0.33303323
41.62775	-0.54663664	-0.60998869
41.637745	-0.61551511	-0.86748862
41.647739	-0.65603191	-1.0975219
41.657734	-0.70330137	-1.3172551
41.667728	-0.73909116	-1.5037996
41.677723	-0.78365958	-1.6663107
41.687717	-0.81269652	-1.7887661
41.697712	-0.8309291	-1.8871883
41.707706	-0.85456383	-1.9638661
41.717701	-0.85861552	-2.0004883
41.727695	-0.8626672	-2.0233772
41.73769	-0.75124621	-2.0187993
41.747684	-0.6026848	-1.9993439
41.757679	-0.55946696	-1.9489883
41.767673	-0.50476938	-1.8654439
41.777668	-0.45749986	-1.749855
41.787663	-0.39740002	-1.5907773
41.797657	-0.34675413	-1.4053774
41.807652	-0.2954329	-1.2073885
41.817646	-0.24343643	-0.96362191
41.827641	-0.19076468	-0.70497757
41.837635	-0.1002773	-0.41772211
41.84763	0.10028054	-8.3544418e-002
41.857624	0.42642274	0.25661185
41.867619	0.51388419	0.61632669
41.877613	0.59192675	1.0161371
41.887608	0.70629942	1.4125108
41.897602	0.84085548	1.8237771
41.907597	0.98213941	2.2545183
41.917591	1.130151	2.6795318
41.927586	1.3124746	3.1297481
41.93758	1.510272	3.5742364
41.947575	1.7242162	4.0508013
41.957569	1.9482521	4.517056
41.967564	2.1729608	4.9741459
41.977558	2.4057429	5.4518561
41.987553	2.6358335	5.9100914
41.997547	2.8632336	6.3889475
42.007542	3.0899603	6.8426008
42.017536	3.3126507	7.3008361
42.027531	3.5494695	7.7441788
42.037525	3.7661047	8.168047
42.04752	3.9854312	8.5919142
42.057514	4.1872654	9.0169277
42.067509	4.387754	9.4029913
42.077503	4.5774779	9.7798901
42.087498	4.7651839	10.147624
42.097492	4.9401069	10.485573
42.107487	5.1251216	10.81321
42.117481	5.2771697	11.115646
42.127476	5.4076891	11.379131
42.13747	5.5469542	11.635743
42.147465	5.6714191	11.875172
42.157459	5.7730088	12.082523
42.167454	5.8725801	12.248633
42.177448	5.9506226	12.396414
42.187443	6.0219374	12.518992
42.197437	6.0616312	12.599183
42.207432	6.0966163	12.663337
42.217426	6.1167994	12.713742
42.227421	6.0831609	12.720615
42.237415	5.8725801	12.71947
42.24741	5.7279325	12.681665
42.257404	5.6821837	12.617513
42.267399	5.6377797	12.527011
42.277393	5.5731931	12.400996
42.287388	5.499187	12.266963
42.297382	5.419126	12.093979
42.307377	5.3202271	11.900374
42.317371	5.2098918	11.676985
42.327366	5.0793719	11.430683
42.33736	4.9347243	11.151159
42.347355	4.7894034	10.863617
42.357349	4.6171722	10.532541
42.367344	4.4503222	10.173972
42.377338	4.2605982	9.7947826
42.387333	4.0628009	9.3984089
42.397327	3.8589485	9.0100546
42.407322	3.6429858	8.5609837
42.417316	3.4216411	8.1187868
42.427311	3.1895318	7.6605511
42.437305	2.9762604	7.20117
42.4473	2.7495337	6.7337699
42.457294	2.5127149	6.2789712
42.467289	2.2906973	5.8092799
42.477283	2.0599337	5.3361516
42.487278	1.8278244	4.8676062
42.497272	1.6118618	4.4173899
42.507267	1.405991	3.9534264
42.517262	1.1907014	3.5009189
42.527256	0.98819441	3.0667408
42.537251	0.8031798	2.6233978
42.547245	0.61681962	2.1915109
42.55724	0.46275291	1.7745167
42.567234	0.34338093	1.3689784
42.577229	0.25154302	0.99093413
42.587223	0.17793761	0.62892812
42.597218	8.7450229e-002	0.30358097
42.607212	-7.2590865e-002	-2.1744438e-002
42.617207	-0.33324853	-0.32616657
42.627201	-0.55136365	-0.59282207
42.637196	-0.61686569	-0.85261089
42.64719	-0.66143411	-1.0860775
42.657185	-0.69452274	-1.2909329
42.667179	-0.73503947	-1.4763329
42.677174	-0.76812816	-1.6365551
42.687168	-0.80324268	-1.7555772
42.697163	-0.83025378	-1.8482772
42.707157	-0.84510994	-1.9318217
42.717152	-0.8599661	-1.9970549
42.727146	-0.86469305	-2.0130773
42.737141	-0.80459327	-2.0130773
42.747135	-0.60336012	-1.9913328
42.75713	-0.55744112	-1.9466994
42.767124	-0.52165139	-1.8654439
42.777119	-0.4656032	-1.7727439
42.787113	-0.40685394	-1.6273996
42.797108	-0.34472829	-1.443144
42.807102	-0.29340705	-1.2211219
42.817097	-0.24816339	-0.97506636
42.827091	-0.19143996	-0.70039982
42.837086	-0.10297842	-0.40284434
42.84708	9.6904144e-002	-0.10071108
42.857075	0.42776832	0.23026331
42.867069	0.50715643	0.59914285
42.877064	0.58856285	0.98062384
42.887058	0.70495391	1.3724152
42.897053	0.81999934	1.7939918
42.907047	0.9673382	2.2247331
42.917042	1.1308239	2.664639
42.927036	1.3070924	3.1102731
42.937031	1.5109447	3.569654
42.947025	1.7275801	4.0336175
42.95702	1.9307598	4.4952898
42.967014	2.1621964	4.9638352
42.977009	2.3969965	5.4266534
42.987003	2.6230509	5.8837433
42.996998	2.8605423	6.3648901
43.006992	3.0859237	6.833436
43.016987	3.3126507	7.2870889
43.026981	3.5373592	7.730432
43.036976	3.7539947	8.1611729
43.04697	3.9672661	8.5667114
43.056965	4.1805377	8.9791231
43.066959	4.3769894	9.3823709
43.076954	4.5808415	9.7638521
43.086948	4.7564373	10.123567
43.096943	4.9145408	10.453496
43.106937	5.1009011	10.784571
43.116932	5.257659	11.077842
43.126926	5.3969245	11.360803
43.136921	5.53619	11.619705
43.146915	5.6559448	11.85226
43.15691	5.7635903	12.05732
43.166904	5.8537426	12.231449
43.176899	5.9398584	12.374648
43.186893	6.0051179	12.49608
43.196888	6.060286	12.593455
43.206882	6.1026711	12.664482
43.216877	6.1174726	12.70114
43.226871	6.1235271	12.725198
43.236866	5.8873816	12.71947
43.246861	5.7245688	12.687394
43.256855	5.6821837	12.61064
43.26685	5.6330705	12.510973
43.276844	5.5664649	12.391832
43.286839	5.5012054	12.250924
43.296833	5.4117255	12.091688
43.306828	5.3141727	11.909539
43.316822	5.2072005	11.689586
43.326817	5.0867729	11.440993
43.336811	4.9481802	11.186673
43.346806	4.7994957	10.884237
43.3568	4.636683	10.555453
43.366795	4.4523406	10.195739
43.376789	4.2552161	9.8108206
43.386784	4.0654922	9.4121561
43.396778	3.8623123	9.0020351
43.406773	3.6611509	8.5884781
43.416767	3.4424975	8.1611729
43.426762	3.2124064	7.6846085
43.436756	2.9890435	7.2378287
43.446751	2.7629893	6.7784476
43.456745	2.5201154	6.2915726
43.46674	2.3014619	5.8058429
43.476734	2.0754075	5.3556266
43.486729	1.8432983	4.9042649
43.496723	1.6138802	4.4265542
43.506718	1.4026271	3.948844
43.516712	1.1732091	3.4974821
43.526707	0.9848305	3.0541391
43.536701	0.79241532	2.6165245
43.546696	0.62758416	2.1926565
43.55669	0.46477124	1.7790991
43.566685	0.34675732	1.3689784
43.576679	0.24816662	0.98864299
43.586674	0.17253539	0.61861783
43.596668	7.6645769e-002	0.26692215
43.606663	-5.5708896e-002	-4.5777764e-002
43.616657	-0.32717103	-0.32273322
43.626652	-0.54393554	-0.60426646
43.636646	-0.62564433	-0.86062199
43.646641	-0.66008353	-1.0872219
43.656635	-0.70195079	-1.2966552
43.66663	-0.73706532	-1.4797662
43.676624	-0.77082926	-1.6399884
43.686619	-0.80594379	-1.7715995
43.696613	-0.83498073	-1.8860439
43.706608	-0.8599661	-1.9661549
43.716602	-0.86941999	-2.0050662
43.726597	-0.87144583	-2.0268104
43.736591	-0.757999	-2.0359662
43.746586	-0.60876232	-2.0107882
43.75658	-0.56621975	-1.9615772
43.766575	-0.52232665	-1.8894773
43.776569	-0.46627849	-1.7532884
43.786564	-0.39807531	-1.6022217
43.796558	-0.344053	-1.4145329
43.806553	-0.27787566	-1.1959441
43.816547	-0.24276115	-0.95217752
43.826542	-0.18603773	-0.69009978
43.836536	-8.2044773e-002	-0.39368877
43.846531	9.757942e-002	-8.1255533e-002
43.856525	0.42709556	0.24744713
43.86652	0.51657534	0.6060164
43.876514	0.60000008	0.98978853
43.886509	0.71370006	1.4022005
43.896503	0.83143657	1.8180491
43.906498	0.97137487	2.2613919
43.916492	1.130151	2.6886964
43.926487	1.3084379	3.1320393
43.936481	1.5210365	3.5834012
43.946476	1.7343079	4.0370541
43.95647	1.9428698	4.4884162
43.966465	2.1581595	4.9649811
43.97646	2.3889232	5.4323812
43.986454	2.6250691	5.9204021
43.996449	2.8598695	6.3900933
44.006443	3.0919785	6.8368726
44.016438	3.3240879	7.2928171
44.026432	3.5528333	7.7533436
44.036427	3.7708142	8.1795025
44.046421	3.9733212	8.604516
44.056416	4.1825562	9.0054722
44.06641	4.3830442	9.3949718
44.076405	4.5828605	9.7787447
44.086399	4.7712388	10.128149
44.096394	4.9327059	10.469534
44.106388	5.1083016	10.794882
44.116383	5.2650595	11.111064
44.126377	5.402307	11.380278
44.136372	5.5442634	11.626578
44.146366	5.6687279	11.866007
44.156361	5.7689724	12.072213
44.166355	5.8698893	12.240614
44.17635	5.9418769	12.392978
44.186344	6.006464	12.520138
44.196339	6.0629768	12.61293
44.206333	6.1073809	12.679375
44.216328	6.1410193	12.722907
44.226322	6.1067076	12.743527
44.236317	5.8544149	12.732072
44.246311	5.7319689	12.691977
44.256306	5.6848745	12.622095
44.2663	5.6357617	12.530448
44.276295	5.5772295	12.40787
44.286289	5.5032239	12.262381
44.296284	5.4238358	12.108871
44.306278	5.3209004	11.908394
44.316273	5.2072005	11.695314
44.326267	5.0847545	11.450158
44.336262	4.9448161	11.178654
44.346256	4.7968044	10.879655
44.356251	4.6400466	10.555453
44.366245	4.4624324	10.196884
44.37624	4.2585802	9.8165483
44.386234	4.0580916	9.4075737
44.396229	3.854239	8.9963074
44.406223	3.6530776	8.5861864
44.416218	3.4324057	8.1336794
44.426212	3.2063515	7.676589
44.436207	2.9769332	7.2137713
44.446201	2.7434785	6.7509537
44.456196	2.5194426	6.2938638
44.46619	2.2994435	5.8333373
44.476185	2.068007	5.3498988
44.486179	1.837916	4.8676062
44.496174	1.6098435	4.4036427
44.506168	1.3918628	3.9476984
44.516163	1.1678269	3.4825892
44.526157	0.96195596	3.0369554
44.536152	0.78501475	2.6107965
44.546146	0.62354743	2.1823463
44.556141	0.46544406	1.7573329
44.566135	0.35891235	1.3747063
44.57613	0.24141383	0.99093413
44.586124	0.17388594	0.61632669
44.596119	6.584131e-002	0.28181478
44.606113	-6.2461685e-002	-6.1799981e-002
44.616108	-0.42035952	-0.35363322
44.626102	-0.54528612	-0.62829983
44.636097	-0.61821622	-0.88808864
44.646091	-0.6654858	-1.1215552
44.656086	-0.71275526	-1.3229774
44.66608	-0.7384159	-1.4889218
44.676075	-0.77623153	-1.6502883
44.686069	-0.80932021	-1.7887661
44.696064	-0.8336302	-1.8974884
44.706059	-0.85861552	-1.9718772
44.716053	-0.87752336	-2.0233772
44.726048	-0.8721211	-2.050844
44.736042	-0.71950805	-2.0416882
44.746037	-0.60943764	-2.0222328
44.756031	-0.56486923	-1.9695883
44.766026	-0.51895022	-1.8826106
44.77602	-0.46830431	-1.7750328
44.786015	-0.41158089	-1.628544
44.796009	-0.35080579	-1.4362774
44.806004	-0.28868014	-1.2016664
44.815998	-0.24546227	-0.96247751
44.825993	-0.18468717	-0.69009978
44.835987	-7.6642543e-002	-0.39826655
44.845982	0.1016311	-7.7822201e-002
44.855976	0.4250772	0.24859272
44.865971	0.51388419	0.61403549
44.875965	0.59058118	0.98749739
44.88596	0.70899057	1.3747063
44.895954	0.83345491	1.8077388
44.905949	0.97608435	2.2338977
44.915943	1.1220777	2.664639
44.925938	1.3037283	3.1171465
44.935932	1.5055625	3.5914202
44.945927	1.7242162	4.0416365
44.955921	1.9529616	4.4998722
44.965916	2.1716151	4.961544
44.97591	2.3943055	5.4335265
44.985905	2.6277602	5.9032183
44.995899	2.8484321	6.3625989
45.005894	3.0812142	6.8288536
45.015888	3.3139963	7.2928171
45.025883	3.5461056	7.7281408
45.035877	3.7701414	8.1646099
45.045872	3.9827399	8.601079
45.055866	4.1771736	9.0008898
45.065861	4.3837171	9.3995543
45.075855	4.5842056	9.7890549
45.08585	4.7712388	10.151061
45.095844	4.9454889	10.492446
45.105839	5.1244483	10.81321
45.115833	5.270442	11.124811
45.125828	5.4049978	11.386005
45.135822	5.5388813	11.646053
45.145817	5.6646914	11.888919
45.155811	5.7844458	12.084814
45.165806	5.8772898	12.269254
45.1758	5.9667692	12.414743
45.185795	6.023283	12.537322
45.195789	6.0730691	12.63126
45.205784	6.116127	12.696559
45.215778	6.130928	12.72978
45.225773	6.0845065	12.741237
45.235767	5.9257298	12.72978
45.245762	5.7447519	12.711452
45.255756	5.6942935	12.636988
45.265751	5.6431623	12.537322
45.275745	5.5738659	12.423908
45.28574	5.5106244	12.279564
45.295734	5.4278722	12.107726
45.305729	5.3269553	11.915267
45.315723	5.2125826	11.69646
45.325718	5.0854273	11.453595
45.335712	4.9441433	11.178654
45.345707	4.800168	10.900275
45.355701	4.6400466	10.573783
45.365696	4.4711785	10.202612
45.37569	4.2794361	9.8280048
45.385685	4.0789475	9.4362135
45.395679	3.8602941	9.0169277
45.405674	3.652405	8.5884781
45.415668	3.4337511	8.148572
45.425663	3.2063515	7.6788802
45.435658	2.9890435	7.2137713
45.445652	2.7636619	6.7612638
45.455647	2.5254977	6.3030286
45.465641	2.2859879	5.8150077
45.475636	2.0565698	5.3361516
45.48563	1.8311883	4.865315
45.495625	1.6091707	4.4036427
45.505619	1.3952266	3.9373879
45.515614	1.1853192	3.486026
45.525608	0.98213941	3.0529935
45.535603	0.77963245	2.6096509
45.545597	0.60941899	2.1743271
45.555592	0.46409845	1.7538961
45.565586	0.3514843	1.3495034
45.575581	0.24749134	0.97947824
45.585575	0.17658706	0.61403549
45.59557	6.9217704e-002	0.27723244
45.605564	-5.1657222e-002	-6.9811091e-002
45.615559	-0.43454036	-0.35935545
45.625553	-0.54731196	-0.64317757
45.635548	-0.62024206	-0.90639973
45.645542	-0.66481054	-1.1249886
45.655537	-0.71072942	-1.3332773
45.665531	-0.74516869	-1.5232551
45.675526	-0.78501016	-1.6754662
45.68552	-0.82282573	-1.8150884
45.695515	-0.8457852	-1.9112216
45.705509	-0.85861552	-1.9833217
45.715504	-0.87414694	-2.0210884
45.725498	-0.8890031	-2.0405438
45.735493	-0.78906184	-2.0485549
45.745487	-0.61619043	-2.0268104
45.755482	-0.5736478	-1.9833217
45.765476	-0.52435249	-1.9066439
45.775471	-0.46357736	-1.7796106
45.785465	-0.40955505	-1.6251106
45.79546	-0.34742939	-1.4374218
45.805454	-0.30015984	-1.2153996
45.815449	-0.24613754	-0.96591085
45.825443	-0.18873885	-0.69009978
45.835438	-8.3395332e-002	-0.40513322
45.845432	0.10433222	-8.4688865e-002
45.855427	0.4324778	0.24744713
45.865421	0.51321143	0.60257959
45.875416	0.5892356	0.98635179
45.88541	0.70091718	1.3907446
45.895405	0.82538152	1.7997197
45.905399	0.98281217	2.2338977
45.915394	1.1348606	2.6749494
45.925388	1.3084379	3.1274569
45.935383	1.5048897	3.5788188
45.945377	1.7201796	4.0427823
45.955372	1.9381603	4.5147648
45.965366	2.1709423	4.9741459
45.975361	2.4010332	5.4346724
45.985355	2.6304514	5.9135284
45.99535	2.8632336	6.3797832
46.005344	3.0899603	6.8437462
46.015339	3.3139963	7.2951083
46.025333	3.5333226	7.7350144
46.035328	3.7681231	8.1703377
46.045322	3.9854312	8.604516
46.055317	4.19803	9.0169277
46.065311	4.3958273	9.4201756
46.075306	4.5821872	9.7844725
46.0853	4.768548	10.141896
46.095295	4.9454889	10.502756
46.105289	5.1264668	10.829249
46.115284	5.2764964	11.137412
46.125278	5.4231625	11.403189
46.135273	5.5516639	11.65751
46.145267	5.6680551	11.885482
46.155262	5.7750273	12.093979
46.165257	5.8826723	12.263526
46.175251	5.9634056	12.419326
46.185246	6.0353928	12.554505
46.19524	6.0932522	12.646152
46.205235	6.1194906	12.705723
46.215229	6.1390014	12.735509
46.225224	6.1067076	12.763002
46.235218	5.8712349	12.745819
46.245213	5.7508073	12.720615
46.255207	5.7097673	12.658754
46.265202	5.6539264	12.56367
46.275196	5.5913582	12.43651
46.285191	5.506588	12.28071
46.295185	5.4278722	12.120327
46.30518	5.328301	11.926723
46.315174	5.2179651	11.704479
46.325169	5.0955186	11.460468
46.335163	4.9522166	11.188964
46.345158	4.800168	10.889965
46.355152	4.6319733	10.561181
46.365147	4.4536867	10.196884
46.375141	4.2713628	9.8108206
46.385136	4.0668378	9.4075737
46.39513	3.8656764	9.0043268
46.405125	3.6443317	8.5770216
46.415119	3.4276962	8.1336794
46.425114	3.2036605	7.6811714
46.435108	2.9863522	7.2309551
46.445103	2.7508793	6.7475171
46.455097	2.51877	6.2812624
46.465092	2.2987704	5.8195901
46.475086	2.0599337	5.332715
46.485081	1.8311883	4.8630238
46.495075	1.6118618	4.4116616
46.50507	1.3958994	3.9637365
46.515064	1.1799368	3.4974821
46.525059	0.98146665	3.0312274
46.535053	0.79241532	2.5959039
46.545048	0.60000008	2.1663082
46.555042	0.45669788	1.7561873
46.565037	0.34675732	1.3529401
46.575031	0.24411495	0.98749739
46.585026	0.17793761	0.60945314
46.59502	6.989298e-002	0.25317508
46.605015	-5.3007782e-002	-4.9211096e-002
46.615009	-0.40347755	-0.35019991
46.625004	-0.55609059	-0.62829983
46.634998	-0.62024206	-0.89152193
46.644993	-0.66481054	-1.1272775
46.654987	-0.6978991	-1.3241218
46.664982	-0.7384159	-1.5015106
46.674976	-0.77555627	-1.6640217
46.684971	-0.81404716	-1.7876217
46.694965	-0.83700657	-1.8883327
46.70496	-0.86131662	-1.9695883
46.714954	-0.87414694	-2.0245216
46.724949	-0.88157505	-2.0542772
46.734943	-0.73436421	-2.056566
46.744938	-0.61011291	-2.0313883
46.754932	-0.57027143	-1.9787439
46.764927	-0.52570301	-1.8951994
46.774921	-0.46357736	-1.7773217
46.784916	-0.40887979	-1.628544
46.79491	-0.344053	-1.4419996
46.804905	-0.28868014	-1.2016664
46.814899	-0.24073532	-0.96247751
46.824894	-0.18536244	-0.69696647
46.834888	-8.6771727e-002	-0.39368877
46.844883	9.6904144e-002	-8.1255533e-002
46.854877	0.4324778	0.23942801
46.864872	0.51859367	0.61174428
46.874866	0.59730899	0.99666208
46.884861	0.70091718	1.3838711
46.894855	0.82538152	1.8134668
46.90485	0.96935654	2.2430625
46.914845	1.1207322	2.6554744
46.924839	1.3050741	3.1148555
46.934834	1.5116175	3.575382
46.944828	1.7242162	4.0324717
46.954823	1.9395059	4.5021634
46.964817	2.1655602	4.9787283
46.974812	2.4010332	5.453002
46.984806	2.6297786	5.9043636
46.994801	2.8551602	6.3660359
47.004795	3.1020706	6.844892
47.01479	3.3200514	7.2951083
47.024784	3.5413959	7.7350144
47.034779	3.759377	8.1806479
47.044773	3.9894681	8.5999336
47.054768	4.1913018	9.0169277
47.064762	4.3971729	9.4293394
47.074757	4.5909338	9.8005104
47.084751	4.7692204	10.160225
47.094746	4.9508715	10.515358
47.10474	5.1244483	10.833832
47.114735	5.2785153	11.129394
47.124729	5.4251814	11.407771
47.134724	5.5644469	11.675839
47.144718	5.6868925	11.909539
47.154713	5.7911735	12.104289
47.164707	5.8887267	12.284146
47.174702	5.9647512	12.437655
47.184696	6.0279927	12.545341
47.194691	6.0871973	12.646152
47.204685	6.1336193	12.706869
47.21468	6.149766	12.753838
47.224674	6.1080532	12.759566
47.234669	5.9116015	12.753838
47.244663	5.7467704	12.724052
47.254658	5.7104402	12.65188
47.264652	5.6539264	12.55336
47.274647	5.5900126	12.431928
47.284641	5.5166793	12.288729
47.294636	5.4251814	12.120327
47.30463	5.3269553	11.933597
47.314625	5.2233472	11.718225
47.324619	5.0961919	11.477653
47.334614	4.9562535	11.200419
47.344608	4.8129511	10.894547
47.354603	4.6467743	10.55889
47.364597	4.4523406	10.204904
47.374592	4.2713628	9.8360233
47.384586	4.0681829	9.4213209
47.394581	3.866349	9.014637
47.404575	3.6658604	8.5976429
47.41457	3.447207	8.1565905
47.424564	3.2150977	7.699501
47.434559	2.9776061	7.2275186
47.444553	2.7488608	6.7624097
47.454548	2.5275159	6.2915726
47.464542	2.2913699	5.8058429
47.474537	2.0619519	5.3418798
47.484531	1.8385888	4.8618779
47.494526	1.6037885	4.3990602
47.50452	1.3844621	3.9442616
47.514515	1.1785913	3.4951909
47.524509	0.97810268	3.038101
47.534504	0.7937609	2.5981948
47.544498	0.6161468	2.1754727
47.554493	0.45737067	1.7516049
47.564487	0.34338093	1.3369019
47.574482	0.23128465	0.96000326
47.584476	0.16915898	0.61288989
47.594471	6.9217704e-002	0.26692215
47.604465	-4.7605552e-002	-6.7522205e-002
47.61446	-0.42913812	-0.35821101
47.624454	-0.55406475	-0.64088869
47.634449	-0.61619043	-0.88923305
47.644444	-0.67426443	-1.1226996
47.654438	-0.70735306	-1.3275552
47.664433	-0.73774064	-1.515244
47.674427	-0.77488095	-1.6708884
47.684422	-0.80999547	-1.7853328
47.694416	-0.84105825	-1.8917661
47.704411	-0.86401778	-1.9810327
47.714405	-0.8748222	-2.025666
47.7244	-0.88022447	-2.056566
47.734394	-0.76407647	-2.050844
47.744389	-0.60943764	-2.0279551
47.754383	-0.56689501	-1.9718772
47.764378	-0.52097607	-1.883755
47.774372	-0.46627849	-1.7635883
47.784367	-0.40415281	-1.6045107
47.794361	-0.34945524	-1.4191107
47.804356	-0.2920565	-1.2062441
47.81435	-0.23735891	-0.94531083
47.824345	-0.17996022	-0.69353312
47.834339	-8.9472838e-002	-0.40513322
47.844334	0.10298166	-7.2099976e-002
47.854328	0.42440441	0.2600486
47.864323	0.52061206	0.59799725
47.874317	0.60000008	1.0046812
47.884312	0.71100885	1.4033461
47.894306	0.8354733	1.8031565
47.904301	0.95859206	2.2304611
47.914295	1.1220777	2.6783862
47.92429	1.3084379	3.1331849
47.934284	1.5095992	3.5730908
47.944279	1.7275801	4.0370541
47.954273	1.9502704	4.5021634
47.964268	2.1695969	4.961544
47.974262	2.389596	5.4461284
47.984257	2.6264148	5.9249845
47.994251	2.8632336	6.3763461
48.004246	3.0899603	6.8288536
48.01424	3.320724	7.2825069
48.024235	3.5521607	7.7476158
48.034229	3.7721598	8.1795025
48.044224	3.9840856	8.6159716
48.054218	4.188611	9.0226555
48.064213	4.3924632	9.4087191
48.074207	4.592279	9.7821808
48.084202	4.7739301	10.155643
48.094196	4.9401069	10.494738
48.104191	5.1170483	10.818939
48.114185	5.27246	11.119083
48.12418	5.4204717	11.412354
48.134174	5.5557008	11.64949
48.144169	5.6694007	11.877462
48.154163	5.7770457	12.077941
48.164158	5.879981	12.270399
48.174152	5.9519682	12.417035
48.184147	6.0239558	12.539613
48.194141	6.0757599	12.632405
48.204136	6.1147814	12.70114
48.21413	6.1504388	12.74811
48.224125	6.1464024	12.761857
48.234119	5.842978	12.750401
48.244114	5.7339873	12.706869
48.254108	5.7010212	12.647298
48.264103	5.653254	12.548778
48.274097	5.5913582	12.433073
48.284092	5.5173521	12.286438
48.294086	5.4305634	12.126056
48.304081	5.3303189	11.935887
48.314075	5.2199836	11.714789
48.32407	5.0982099	11.48338
48.334064	4.9582715	11.203856
48.344059	4.8169875	10.916314
48.354053	4.6595573	10.578365
48.364048	4.4738698	10.224379
48.374043	4.2780905	9.8451881
48.384037	4.0675101	9.4304857
48.394032	3.8697128	9.0329657
48.404026	3.6638422	8.5953512
48.414021	3.449898	8.1520081
48.424015	3.2292259	7.7166848
48.43401	3.0024991	7.2469935
48.444004	2.760298	6.7704287
48.453999	2.521461	6.2973003
48.463993	2.2987704	5.8333373
48.473988	2.0760803	5.371665
48.483982	1.8480078	4.8951001
48.493977	1.6313725	4.4299912
48.503971	1.4046454	3.9740469
48.513966	1.1846464	3.5181026
48.52396	0.98146665	3.0667408
48.533955	0.79241532	2.6325626
48.543949	0.62758416	2.1995301
48.553944	0.47822684	1.7790991
48.563938	0.34675732	1.3827255
48.573933	0.25019246	0.99437088
48.583927	0.1718601	0.63121933
48.593922	7.4619934e-002	0.2898339
48.603916	-6.8539195e-002	-3.089999e-002
48.613911	-0.33662492	-0.33074436
48.623905	-0.54393554	-0.59854424
48.6339	-0.6074118	-0.86405528
48.643894	-0.66143411	-1.1020997
48.653889	-0.71410584	-1.3264108
48.663883	-0.74989563	-1.5060885
48.673878	-0.77555627	-1.6548662
48.683872	-0.81134605	-1.7841884
48.693867	-0.83025378	-1.8929106
48.703861	-0.85388857	-1.9627216
48.713856	-0.86739415	-2.0050662
48.72385	-0.87414694	-2.0371106
48.733845	-0.81539774	-2.0416882
48.743839	-0.61821622	-2.0222328
48.753834	-0.56892085	-1.9718772
48.763828	-0.51354802	-1.8894773
48.773823	-0.46357736	-1.7658772
48.783817	-0.40145171	-1.6170995
48.793812	-0.34607884	-1.4145329
48.803806	-0.29475763	-1.2016664
48.813801	-0.23938476	-0.96133304
48.823795	-0.17455798	-0.68895537
48.83379	-7.1240306e-002	-0.39025545
48.843784	9.3527742e-002	-7.2099976e-002
48.853779	0.43315056	0.24401037
48.863773	0.51859367	0.61518109
48.873768	0.59798175	1.0195738
48.883762	0.71639115	1.414802
48.893757	0.8354733	1.8169035
48.903751	0.98079383	2.2487905
48.913746	1.1294783	2.6909876
48.92374	1.3064196	3.1297481
48.933735	1.5082537	3.5788188
48.943729	1.7289257	4.0416365
48.953724	1.9469066	4.497581
48.963718	2.1803613	4.9695635
48.973713	2.402379	5.4484196
48.983707	2.6223781	5.9020724
48.993702	2.8450682	6.3706183
49.003696	3.0778503	6.8368726
49.013691	3.3099597	7.2847981
49.023685	3.5413959	7.7395964
49.03368	3.7721598	8.1829395
49.043674	3.9820671	8.5930605
49.053669	4.1818833	9.0054722
49.063663	4.3837171	9.4133015
49.073658	4.5835328	9.7947826
49.083652	4.7712388	10.156789
49.093647	4.9501982	10.501611
49.103642	5.1244483	10.815502
49.113636	5.2812061	11.128247
49.123631	5.4238358	11.406626
49.133625	5.5489731	11.668965
49.14362	5.6727648	11.888919
49.153614	5.7844458	12.093979
49.163609	5.8826723	12.265818
49.173603	5.9600415	12.40787
49.183598	6.0279927	12.539613
49.193592	6.0723958	12.638133
49.203587	6.1114173	12.696559
49.213581	6.1470747	12.74811
49.223576	6.0945978	12.757275
49.23357	5.8840175	12.750401
49.243565	5.748116	12.716034
49.253559	5.6996756	12.661045
49.263554	5.6525807	12.56367
49.273548	5.5933762	12.441092
49.283543	5.5173521	12.296748
49.293537	5.4359455	12.129492
49.303532	5.3323379	11.935887
49.313526	5.2220016	11.720517
49.323521	5.1009011	11.476506
49.333515	4.9508715	11.190109
49.34351	4.800168	10.896839
49.353504	4.6447563	10.564618
49.363499	4.4563775	10.202612
49.373493	4.276072	9.8165483
49.383488	4.0668378	9.4259033
49.393482	3.8609669	9.0089092
49.403477	3.6470227	8.5827494
49.413471	3.4270234	8.1371155
49.423466	3.2070243	7.6857538
49.43346	2.993753	7.2298098
49.443455	2.7636619	6.7692828
49.453449	2.5322254	6.3053198
49.463444	2.3021348	5.8310461
49.473438	2.0626247	5.3556266
49.483433	1.8426256	4.8996825
49.493427	1.626663	4.4265542
49.503422	1.4073366	3.9648821
49.513416	1.1785913	3.4951909
49.523411	0.98146665	3.0426834
49.533405	0.79241532	2.6073596
49.5434	0.61412853	2.1834919
49.553394	0.46544406	1.7733711
49.563389	0.34540677	1.3655416
49.573383	0.24614079	0.9771871
49.583378	0.17928818	0.61518109
49.593372	6.7191869e-002	0.26692215
49.603367	-5.9760571e-002	-5.7222206e-002
49.613361	-0.38389444	-0.34104434
49.623356	-0.54055917	-0.61685538
49.63335	-0.60943764	-0.88351083
49.643345	-0.65670717	-1.1272775
49.653339	-0.70262611	-1.3309885
49.663334	-0.73571479	-1.5037996
49.673328	-0.787036	-1.6605884
49.683323	-0.81539774	-1.7910551
49.693317	-0.84105825	-1.8974884
49.703312	-0.85321331	-1.9821771
49.713306	-0.8721211	-2.0210884
49.723301	-0.87752336	-2.0496993
49.733295	-0.80729437	-2.0496993
49.74329	-0.61619043	-2.0325327
49.753284	-0.56892085	-1.9684439
49.763279	-0.51962554	-1.8791772
49.773273	-0.45817512	-1.7635883
49.783268	-0.40010116	-1.607944
49.793262	-0.3413519	-1.4213996
49.803257	-0.2954329	-1.2028108
49.813251	-0.2515398	-0.9464553
49.823246	-0.17523326	-0.67293316
49.833241	-7.2590865e-002	-0.39368877
49.843235	0.10028054	-7.3244423e-002
49.85323	0.43180501	0.25432068
49.863224	0.52397597	0.61174428
49.873219	0.59058118	0.99437088
49.883213	0.70428103	1.4136564
49.893208	0.82739991	1.8169035
49.903202	0.97810268	2.2247331
49.913197	1.1220777	2.6634934
49.923191	1.3050741	3.1274569
49.933186	1.5122905	3.5776732
49.94318	1.7269074	4.0519471
49.953175	1.9556526	4.5445499
49.963169	2.1796887	4.9867473
49.973164	2.4043972	5.453002
49.983158	2.6486166	5.928421
49.993153	2.8625607	6.3958211
50.003147	3.0987067	6.86093
50.013142	3.3308158	7.3363495
50.023136	3.5582156	7.7911482
50.033131	3.7768691	8.2069969
50.043125	4.000905	8.6217003
50.05312	4.2061033	9.0329657
50.063114	4.4065919	9.4373589
50.073109	4.5909338	9.8131123
50.083103	4.7806578	10.16939
50.093098	4.9454889	10.522231
50.103092	5.129158	10.837268
50.113087	5.2879338	11.139704
50.123081	5.4325819	11.418081
50.133076	5.5657926	11.682713
50.14307	5.6768012	11.903811
50.153065	5.7857914	12.107726
50.163059	5.879981	12.285293
50.173054	5.9687877	12.423908
50.183048	6.0300107	12.549923
50.193043	6.0878701	12.6599
50.203037	6.1295824	12.720615
50.213032	6.1484203	12.751547
50.223026	6.1194906	12.763002
50.233021	5.8981457	12.753838
50.243015	5.748116	12.720615
50.25301	5.7084222	12.648444
50.263004	5.6485443	12.546487
50.272999	5.5853028	12.425054
50.282993	5.5092788	12.288729
50.292988	5.4271998	12.120327
50.302982	5.3296466	11.94047
50.312977	5.226038	11.723954
50.322971	5.1083016	11.479943
50.332966	4.9582715	11.203856
50.34296	4.8116055	10.912877
50.352955	4.651484	10.579511
50.362949	4.4631052	10.215214
50.372944	4.2848186	9.838315
50.382938	4.0856757	9.4453783
50.392933	3.878459	9.0306749
50.402927	3.6557689	8.5907688
50.412922	3.4344239	8.148572
50.422916	3.2198069	7.7040834
50.432911	2.999135	7.2458477
50.442905	2.760298	6.7647009
50.4529	2.5248249	6.296155
50.462894	2.3034801	5.8390651
50.472889	2.0720437	5.3625002
50.482883	1.8365705	4.8733339
50.492878	1.608498	4.4139528
50.502872	1.4032999	3.9809203
50.512867	1.1994474	3.5238307
50.522861	0.99559498	3.0713232
50.532856	0.80654371	2.631417
50.54285	0.62556577	2.2121315
50.552845	0.47351739	1.7882638
50.56284	0.34878317	1.4125108
50.572834	0.25626996	1.0207194
50.582829	0.17726234	0.64152962
50.592823	8.7450229e-002	0.30587214
50.602818	-7.0565037e-002	-2.1744438e-002
50.612812	-0.33122271	-0.32616657
50.622807	-0.54866248	-0.59854424
50.632801	-0.61551511	-0.83773309
50.642796	-0.65400606	-1.0677663
50.65279	-0.69722384	-1.2794886
50.662785	-0.72626084	-1.4648885
50.672779	-0.76542705	-1.6159551
50.682774	-0.81202132	-1.7578661
50.692768	-0.83295494	-1.8654439
50.702763	-0.85388857	-1.9375439
50.712757	-0.86739415	-2.0027771
50.722752	-0.86064136	-2.025666
50.732746	-0.74044174	-2.0119328
50.742741	-0.60673648	-2.007355
50.752735	-0.56216806	-1.9444106
50.76273	-0.51962554	-1.8642994
50.772724	-0.46020097	-1.749855
50.782719	-0.402127	-1.6022217
50.792713	-0.33527437	-1.4007996
50.802708	-0.28192735	-1.1776329
50.812702	-0.23803422	-0.94187748
50.822697	-0.18738829	-0.67064422
50.832691	-5.2332502e-002	-0.36851099
50.842686	0.10230637	-6.7522205e-002
50.85268	0.42305887	0.26463097
50.862675	0.53541321	0.62663698
50.872669	0.6067279	1.0172827
50.882664	0.71100885	1.4262578
50.892658	0.83614606	1.8260683
50.902653	0.97944826	2.2476449
50.912647	1.1227505	2.6886964
50.922642	1.3111291	3.1217289
50.932636	1.5203637	3.5788188
50.942631	1.7282529	4.0416365
50.952625	1.9428698	4.5021634
50.96262	2.1817069	4.992475
50.972614	2.3996875	5.4678946
50.982609	2.6324697	5.9215474
50.992603	2.8746707	6.3935299
51.002598	3.0987067	6.8540568
51.012592	3.3193786	7.3019819
51.022587	3.5360138	7.7418876
51.032581	3.7553403	8.1611729
51.042576	3.9753394	8.5942059
51.05257	4.1839013	8.9985981
51.062565	4.3857355	9.4029913
51.072559	4.5855513	9.7844725
51.082554	4.763165	10.137314
51.092548	4.9347243	10.479844
51.102543	5.1136837	10.801755
51.112537	5.2657323	11.120229
51.122532	5.4164348	11.410063
51.132526	5.5590644	11.655218
51.142521	5.6754556	11.888919
51.152515	5.7757001	12.091688
51.16251	5.8631616	12.256653
51.172504	5.9405308	12.405579
51.182499	6.0205917	12.53503
51.192493	6.0797968	12.638133
51.202488	6.1262183	12.705723
51.212482	6.1504388	12.745819
51.222477	6.1194906	12.757275
51.232471	5.9533138	12.751547
51.242466	5.7434063	12.716034
51.25246	5.7077489	12.656463
51.262455	5.6572905	12.546487
51.272449	5.5886669	12.43651
51.282444	5.5173521	12.289874
51.292439	5.426527	12.118036
51.302433	5.3256102	11.933597
51.312428	5.2179651	11.713643
51.322422	5.0908093	11.467342
51.332417	4.9488525	11.190109
51.342411	4.8082418	10.893402
51.352406	4.6467743	10.568055
51.3624	4.4570503	10.207194
51.372395	4.2632895	9.8302956
51.382389	4.0735655	9.444232
51.392384	3.8697128	9.0260925
51.402378	3.6591327	8.5873318
51.412373	3.4431703	8.1462803
51.422367	3.2063515	7.6960645
51.432362	2.9755878	7.2217908
51.442356	2.7535703	6.7738652
51.452351	2.5315526	6.3053198
51.462345	2.3014619	5.8333373
51.47234	2.0787716	5.3625002
51.482334	1.847335	4.8962455
51.492329	1.6192625	4.4231176
51.502323	1.3979177	3.9671733
51.512318	1.1853192	3.5284128
51.522312	0.9902128	3.0873613
51.532307	0.79779756	2.6302714
51.542301	0.63027525	2.2029669
51.552296	0.4768813	1.7790991
51.56229	0.35215956	1.3838711
51.572285	0.25019246	1.0149915
51.582279	0.17388594	0.63809288
51.592274	7.7321053e-002	0.29441628
51.602268	-6.651336e-002	-3.089999e-002
51.612263	-0.315016	-0.31586656
51.622257	-0.54528612	-0.58252203
51.632252	-0.61754096	-0.85604417
51.642246	-0.66210938	-1.105533
51.652241	-0.70735306	-1.3023773
51.662235	-0.73571479	-1.494644
51.67223	-0.76475179	-1.6422772
51.682224	-0.80932021	-1.7750328
51.692219	-0.83565605	-1.8768883
51.702213	-0.85658967	-1.955855


