0.0000095509
-0.0000233729
-0.0000316038
0.0000342438
0.0000507057
-0.0000727586
-0.0000892205
0.0001083224
0.0001412462
-0.0001797610
-0.0002209158
0.0002647106
0.0003140963
-0.0003855349
-0.0004513826
0.0005281011
0.0006186416
-0.0007230041
-0.0008382375
0.0009643418
0.0011042680
-0.0012662472
-0.0014390972
0.0016228182
0.0018368231
-0.0020728808
-0.0023280404
0.0026023019
0.0029150782
-0.0032581384
-0.0036203005
0.0040180263
0.0044542669
-0.0049372533
-0.0054640345
0.0060346104
0.0066683940
-0.0073653852
-0.0081308641
0.0089648306
0.0099113905
-0.0109623128
-0.0121475704
0.0134836252
0.0150145829
-0.0167898293
-0.0188722611
0.0213441877
0.0243567174
-0.0281238551
-0.0329883498
0.0395181375
0.0488602721
-0.0634099615
-0.0893868572
0.1496647846
0.4500288142
0.4500288142
0.1496647846
-0.0893868572
-0.0634099615
0.0488602721
0.0395181375
-0.0329883498
-0.0281238551
0.0243567174
0.0213441877
-0.0188722611
-0.0167898293
0.0150145829
0.0134836252
-0.0121475704
-0.0109623128
0.0099113905
0.0089648306
-0.0081308641
-0.0073653852
0.0066683940
0.0060346104
-0.0054640345
-0.0049372533
0.0044542669
0.0040180263
-0.0036203005
-0.0032581384
0.0029150782
0.0026023019
-0.0023280404
-0.0020728808
0.0018368231
0.0016228182
-0.0014390972
-0.0012662472
0.0011042680
0.0009643418
-0.0008382375
-0.0007230041
0.0006186416
0.0005281011
-0.0004513826
-0.0003855349
0.0003140963
0.0002647106
-0.0002209158
-0.0001797610
0.0001412462
0.0001083224
-0.0000892205
-0.0000727586
0.0000507057
0.0000342438
-0.0000316038
-0.0000233729
0.0000095509
