-0.000002
-0.000002
-0.000002
-0.000002
-0.000002
-0.000018
-0.000042
-0.000042
0.000029
0.000171
0.000274
0.000219
0.000021
-0.000113
-0.000034
0.000132
0.000100
-0.000105
-0.000152
0.000069
0.000203
-0.000034
-0.000271
-0.000042
0.000329
0.000140
-0.000397
-0.000279
0.000432
0.000455
-0.000460
-0.000697
0.000448
0.000976
-0.000397
-0.001305
0.000163
0.000771
-0.002441
-0.003570
0.005957
0.020843
0.023187
0.007401
-0.007777
-0.004422
0.007559
0.006344
-0.005946
-0.007264
0.005286
0.008956
-0.004249
-0.010934
0.002737
0.013123
-0.000523
-0.015417
-0.002544
0.017717
0.006714
-0.019916
-0.012362
0.021924
0.020140
-0.023689
-0.031597
0.025105
0.050598
-0.026159
-0.091732
0.026817
0.286664
0.425522
0.286664
0.026817
-0.091732
-0.026159
0.050598
0.025105
-0.031597
-0.023689
0.020140
0.021924
-0.012362
-0.019916
0.006714
0.017717
-0.002544
-0.015417
-0.000523
0.013123
0.002737
-0.010934
-0.004249
0.008956
0.005286
-0.007264
-0.005946
0.006344
0.007559
-0.004422
-0.007777
0.007401
0.023187
0.020843
0.005957
-0.003570
-0.002441
0.000771
0.000163
-0.001305
-0.000397
0.000976
0.000448
-0.000697
-0.000460
0.000455
0.000432
-0.000279
-0.000397
0.000140
0.000329
-0.000042
-0.000271
-0.000034
0.000203
0.000069
-0.000152
-0.000105
0.000100
0.000132
-0.000034
-0.000113
0.000021
0.000219
0.000274
0.000171
0.000029
-0.000042
-0.000042
-0.000018
-0.000002
-0.000002
-0.000002
-0.000002
-0.000002
